0	1
1	2
2	1
3	1
4	1
5	1
6	1
7	1
8	2
9	2
10	1
11	1
12	1
13	1
14	1
15	2
16	2
17	1
18	2
19	2
20	3
21	1
22	2
23	1
24	2
25	1
26	2
27	2
28	2
29	1
30	2
31	1
32	1
33	1
34	1
35	2
36	1
37	5
38	1
39	1
40	1
41	1
42	1
43	2
44	2
45	2
46	1
47	2
48	2
49	1
50	2
51	2
52	3
53	1
54	1
55	3
56	2
57	1
58	2
59	1
60	2
61	2
62	2
63	1
64	2
65	1
66	2
67	4
68	1
69	2
70	2
71	1
72	2
73	2
74	1
75	5
76	1
77	1
78	2
79	1
80	1
81	1
82	1
83	2
84	1
85	2
86	2
87	2
88	1
89	1
90	1
91	2
92	1
93	3
94	2
95	3
96	3
97	1
98	1
99	2
100	2
101	2
102	2
103	4
104	5
105	2
106	3
107	2
108	1
109	1
110	1
111	5
112	1
113	2
114	2
115	1
116	2
117	1
118	2
119	2
120	2
121	2
122	1
123	1
124	1
125	1
126	1
127	2
128	2
129	3
130	2
131	3
132	1
133	1
134	2
135	1
136	1
137	1
138	2
139	1
140	1
141	3
142	1
143	1
144	1
145	2
146	2
147	1
148	4
149	2
150	1
151	1
152	1
153	2
154	1
155	2
156	2
157	1
158	3
159	1
160	1
161	2
162	1
163	3
164	2
165	2
166	1
167	1
168	1
169	5
170	1
171	1
172	1
173	1
174	2
175	2
176	1
177	1
178	1
179	1
180	2
181	1
182	2
183	1
184	3
185	1
186	2
187	1
188	2
189	1
190	2
191	1
192	1
193	3
194	1
195	2
196	1
197	1
198	2
199	2
200	2
201	1
202	1
203	1
204	2
205	1
206	2
207	1
208	2
209	1
210	1
211	2
212	1
213	2
214	1
215	2
216	2
217	2
218	1
219	1
220	1
221	2
222	1
223	1
224	1
225	1
226	2
227	2
228	1
229	1
230	1
231	4
232	2
233	2
234	1
235	2
236	1
237	1
238	1
239	2
240	2
241	1
242	2
243	1
244	1
245	2
246	1
247	2
248	1
249	1
250	2
251	1
252	1
253	2
254	1
255	2
256	2
257	1
258	1
259	1
260	1
261	1
262	1
263	1
264	2
265	1
266	2
267	1
268	1
269	1
270	2
271	1
272	1
273	3
274	2
275	2
276	1
277	1
278	1
279	1
280	1
281	2
282	2
283	1
284	2
285	2
286	3
287	1
288	1
289	2
290	2
291	2
292	1
293	1
294	1
295	1
296	1
297	1
298	1
299	1
300	1
301	3
302	1
303	1
304	1
305	3
306	2
307	2
308	1
309	2
310	2
311	2
312	2
313	1
314	3
315	1
316	1
317	2
318	2
319	1
320	2
321	2
322	1
323	2
324	1
325	1
326	1
327	1
328	1
329	3
330	1
331	1
332	1
333	2
334	1
335	1
336	1
337	1
338	4
339	3
340	1
341	1
342	1
343	1
344	1
345	1
346	1
347	1
348	2
349	3
350	1
351	1
352	1
353	1
354	2
355	1
356	2
357	1
358	1
359	2
360	1
361	2
362	1
363	2
364	2
365	3
366	5
367	2
368	1
369	1
370	2
371	1
372	1
373	2
374	2
375	1
376	1
377	1
378	2
379	1
380	2
381	1
382	1
383	2
384	2
385	2
386	1
387	1
388	1
389	2
390	2
391	1
392	2
393	2
394	1
395	2
396	1
397	2
398	2
399	1
400	1
401	1
402	4
403	1
404	1
405	1
406	1
407	1
408	2
409	2
410	2
411	1
412	2
413	1
414	1
415	2
416	5
417	4
418	2
419	1
420	1
421	2
422	1
423	1
424	1
425	1
426	1
427	2
428	1
429	1
430	2
431	1
432	2
433	1
434	1
435	2
436	1
437	1
438	2
439	1
440	2
441	2
442	2
443	1
444	3
445	2
446	1
447	3
448	2
449	1
450	1
451	1
452	1
453	2
454	1
455	1
456	2
457	1
458	1
459	1
460	2
461	3
462	2
463	3
464	1
465	1
466	1
467	2
468	1
469	2
470	2
471	1
472	2
473	2
474	2
475	1
476	1
477	2
478	1
479	1
480	2
481	1
482	3
483	1
484	1
485	2
486	2
487	1
488	2
489	1
490	1
491	1
492	1
493	1
494	2
495	1
496	1
497	1
498	2
499	2
500	2
501	1
502	1
503	1
504	2
505	1
506	1
507	4
508	1
509	3
510	1
511	2
512	1
513	2
514	1
515	2
516	1
517	5
518	1
519	5
520	1
521	1
522	2
523	1
524	1
525	3
526	5
527	2
528	1
529	1
530	2
531	1
532	2
533	1
534	1
535	3
536	1
537	1
538	1
539	2
540	2
541	1
542	2
543	2
544	1
545	1
546	3
547	1
548	2
549	4
550	1
551	2
552	2
553	4
554	1
555	1
556	1
557	1
558	1
559	2
560	2
561	1
562	1
563	1
564	3
565	1
566	2
567	1
568	1
569	1
570	2
571	2
572	1
573	2
574	1
575	2
576	2
577	1
578	2
579	1
580	2
581	4
582	1
583	2
584	2
585	1
586	2
587	1
588	1
589	1
590	2
591	1
592	1
593	1
594	1
595	2
596	1
597	2
598	2
599	1
600	2
601	1
602	1
603	3
604	1
605	1
606	1
607	1
608	1
609	1
610	3
611	1
612	2
613	1
614	1
615	2
616	1
617	2
618	1
619	2
620	1
621	2
622	2
623	1
624	2
625	1
626	1
627	4
628	2
629	2
630	2
631	1
632	1
633	1
634	2
635	4
636	1
637	1
638	2
639	3
640	3
641	2
642	1
643	1
644	2
645	2
646	2
647	2
648	1
649	3
650	1
651	1
652	1
653	2
654	2
655	2
656	1
657	1
658	4
659	1
660	3
661	1
662	1
663	1
664	1
665	1
666	2
667	2
668	1
669	1
670	2
671	1
672	1
673	2
674	2
675	1
676	1
677	3
678	2
679	1
680	2
681	1
682	4
683	2
684	5
685	2
686	1
687	1
688	5
689	2
690	2
691	2
692	1
693	1
694	2
695	2
696	2
697	2
698	2
699	2
700	2
701	1
702	1
703	2
704	3
705	1
706	1
707	1
708	1
709	4
710	2
711	2
712	1
713	2
714	2
715	1
716	3
717	1
718	1
719	1
720	1
721	1
722	1
723	2
724	1
725	5
726	2
727	1
728	2
729	1
730	2
731	1
732	1
733	2
734	1
735	2
736	1
737	2
738	1
739	1
740	1
741	2
742	1
743	2
744	1
745	1
746	1
747	2
748	1
749	1
750	3
751	2
752	2
753	2
754	3
755	2
756	3
757	4
758	1
759	2
760	5
761	2
762	2
763	2
764	2
765	3
766	3
767	3
768	3
769	2
770	1
771	3
772	2
773	3
774	1
775	3
776	2
777	2
778	2
779	2
780	2
781	2
782	3
783	2
784	2
785	1
786	2
787	2
788	1
789	1
790	2
791	2
792	3
793	2
794	1
795	3
796	3
797	3
798	2
799	2
800	2
801	4
802	2
803	3
804	2
805	2
806	3
807	3
808	1
809	2
810	2
811	2
812	1
813	3
814	3
815	3
816	3
817	2
818	2
819	4
820	2
821	1
822	3
823	2
824	2
825	1
826	1
827	1
828	3
829	3
830	1
831	2
832	2
833	2
834	2
835	3
836	2
837	2
838	2
839	3
840	2
841	2
842	2
843	2
844	1
845	3
846	3
847	3
848	2
849	2
850	1
851	1
852	2
853	2
854	2
855	3
856	2
857	3
858	2
859	2
860	2
861	2
862	2
863	2
864	2
865	3
866	2
867	2
868	1
869	3
870	3
871	2
872	3
873	2
874	2
875	2
876	2
877	2
878	2
879	3
880	2
881	2
882	2
883	3
884	2
885	3
886	2
887	2
888	3
889	2
890	2
891	1
892	2
893	2
894	2
895	1
896	3
897	2
898	3
899	1
900	2
901	2
902	1
903	2
904	1
905	3
906	2
907	1
908	3
909	4
910	2
911	1
912	1
913	4
914	2
915	3
916	2
917	3
918	2
919	2
920	1
921	1
922	2
923	2
924	1
925	4
926	2
927	2
928	1
929	2
930	2
931	1
932	3
933	2
934	4
935	1
936	2
937	1
938	1
939	2
940	2
941	2
942	2
943	3
944	2
945	3
946	1
947	3
948	2
949	2
950	3
951	1
952	2
953	3
954	2
955	1
956	1
957	2
958	2
959	2
960	2
961	1
962	2
963	3
964	2
965	2
966	1
967	1
968	1
969	2
970	2
971	3
972	1
973	3
974	3
975	2
976	2
977	1
978	2
979	1
980	3
981	4
982	2
983	2
984	3
985	3
986	1
987	1
988	1
989	2
990	1
991	2
992	1
993	3
994	2
995	4
996	3
997	2
998	2
999	2
1000	3
1001	2
1002	1
1003	3
1004	2
1005	2
1006	2
1007	4
1008	2
1009	2
1010	2
1011	2
1012	2
1013	4
1014	2
1015	3
1016	2
1017	1
1018	2
1019	3
1020	1
1021	1
1022	2
1023	2
1024	3
1025	1
1026	3
1027	1
1028	2
1029	2
1030	2
1031	2
1032	3
1033	2
1034	3
1035	2
1036	2
1037	3
1038	1
1039	2
1040	3
1041	3
1042	1
1043	1
1044	2
1045	2
1046	3
1047	2
1048	1
1049	2
1050	2
1051	2
1052	2
1053	2
1054	4
1055	2
1056	2
1057	2
1058	2
1059	3
1060	2
1061	2
1062	3
1063	1
1064	2
1065	1
1066	2
1067	1
1068	2
1069	3
1070	1
1071	2
1072	2
1073	2
1074	1
1075	1
1076	3
1077	2
1078	1
1079	3
1080	1
1081	3
1082	2
1083	1
1084	2
1085	3
1086	3
1087	3
1088	3
1089	2
1090	3
1091	3
1092	2
1093	1
1094	3
1095	2
1096	2
1097	2
1098	2
1099	1
1100	2
1101	3
1102	2
1103	2
1104	2
1105	2
1106	2
1107	3
1108	2
1109	2
1110	2
1111	1
1112	3
1113	2
1114	2
1115	2
1116	1
1117	3
1118	3
1119	2
1120	2
1121	2
1122	2
1123	2
1124	3
1125	2
1126	2
1127	2
1128	1
1129	3
1130	3
1131	1
1132	2
1133	1
1134	1
1135	2
1136	1
1137	3
1138	2
1139	2
1140	3
1141	3
1142	2
1143	1
1144	1
1145	2
1146	2
1147	2
1148	2
1149	1
1150	2
1151	2
1152	2
1153	3
1154	2
1155	3
1156	3
1157	3
1158	2
1159	1
1160	2
1161	2
1162	2
1163	1
1164	2
1165	1
1166	1
1167	3
1168	2
1169	2
1170	3
1171	2
1172	2
1173	2
1174	1
1175	2
1176	2
1177	3
1178	2
1179	3
1180	2
1181	3
1182	3
1183	2
1184	2
1185	2
1186	2
1187	3
1188	3
1189	3
1190	2
1191	2
1192	2
1193	2
1194	5
1195	1
1196	2
1197	2
1198	3
1199	2
1200	2
1201	3
1202	2
1203	4
1204	3
1205	1
1206	1
1207	2
1208	3
1209	3
1210	4
1211	4
1212	3
1213	3
1214	2
1215	2
1216	2
1217	2
1218	3
1219	2
1220	3
1221	2
1222	2
1223	1
1224	2
1225	3
1226	2
1227	2
1228	2
1229	3
1230	2
1231	1
1232	3
1233	3
1234	2
1235	2
1236	2
1237	3
1238	4
1239	2
1240	2
1241	1
1242	2
1243	3
1244	2
1245	1
1246	1
1247	2
1248	4
1249	4
1250	1
1251	3
1252	1
1253	2
1254	2
1255	4
1256	3
1257	2
1258	1
1259	2
1260	3
1261	2
1262	2
1263	1
1264	2
1265	2
1266	2
1267	2
1268	2
1269	2
1270	3
1271	2
1272	2
1273	3
1274	2
1275	1
1276	1
1277	1
1278	1
1279	3
1280	3
1281	2
1282	3
1283	2
1284	2
1285	2
1286	1
1287	2
1288	2
1289	2
1290	3
1291	3
1292	2
1293	2
1294	3
1295	2
1296	3
1297	1
1298	1
1299	3
1300	2
1301	3
1302	3
1303	3
1304	2
1305	2
1306	2
1307	2
1308	3
1309	2
1310	3
1311	1
1312	1
1313	4
1314	4
1315	3
1316	2
1317	1
1318	2
1319	3
1320	2
1321	2
1322	3
1323	2
1324	3
1325	3
1326	1
1327	1
1328	2
1329	2
1330	3
1331	3
1332	1
1333	2
1334	2
1335	3
1336	3
1337	2
1338	2
1339	2
1340	1
1341	1
1342	2
1343	2
1344	3
1345	2
1346	2
1347	1
1348	2
1349	2
1350	2
1351	5
1352	2
1353	2
1354	3
1355	2
1356	2
1357	3
1358	2
1359	5
1360	1
1361	3
1362	4
1363	2
1364	3
1365	2
1366	1
1367	1
1368	3
1369	3
1370	2
1371	2
1372	2
1373	1
1374	2
1375	1
1376	2
1377	3
1378	1
1379	3
1380	2
1381	2
1382	1
1383	2
1384	2
1385	2
1386	4
1387	2
1388	3
1389	2
1390	2
1391	2
1392	2
1393	1
1394	2
1395	3
1396	2
1397	3
1398	2
1399	5
1400	1
1401	2
1402	1
1403	2
1404	3
1405	2
1406	2
1407	3
1408	2
1409	2
1410	4
1411	2
1412	5
1413	3
1414	3
1415	2
1416	2
1417	3
1418	3
1419	3
1420	2
1421	2
1422	2
1423	2
1424	2
1425	3
1426	2
1427	2
1428	1
1429	1
1430	2
1431	2
1432	3
1433	2
1434	5
1435	1
1436	1
1437	3
1438	2
1439	3
1440	2
1441	3
1442	2
1443	3
1444	2
1445	1
1446	2
1447	3
1448	2
1449	2
1450	3
1451	2
1452	2
1453	2
1454	4
1455	3
1456	2
1457	2
1458	3
1459	3
1460	3
1461	1
1462	2
1463	3
1464	3
1465	2
1466	3
1467	2
1468	2
1469	2
1470	3
1471	2
1472	2
1473	2
1474	3
1475	3
1476	3
1477	3
1478	2
1479	2
1480	2
1481	2
1482	2
1483	3
1484	2
1485	3
1486	3
1487	2
1488	1
1489	1
1490	2
1491	2
1492	3
1493	1
1494	5
1495	2
1496	3
1497	1
1498	1
1499	2
1500	2
1501	1
1502	3
1503	1
1504	3
1505	3
1506	2
1507	2
1508	2
1509	1
1510	2
1511	2
1512	3
1513	1
1514	2
1515	2
1516	1
1517	2
1518	2
1519	1
1520	3
1521	2
1522	2
1523	2
1524	3
1525	1
1526	1
1527	1
1528	1
1529	3
1530	3
1531	1
1532	2
1533	3
1534	2
1535	3
1536	4
1537	2
1538	2
1539	1
1540	2
1541	3
1542	2
1543	3
1544	1
1545	2
1546	2
1547	2
1548	3
1549	2
1550	2
1551	3
1552	1
1553	2
1554	3
1555	2
1556	3
1557	2
1558	1
1559	2
1560	3
1561	1
1562	2
1563	2
1564	4
1565	1
1566	2
1567	2
1568	2
1569	2
1570	3
1571	1
1572	2
1573	1
1574	3
1575	2
1576	3
1577	2
1578	2
1579	3
1580	2
1581	2
1582	3
1583	3
1584	2
1585	2
1586	2
1587	2
1588	4
1589	2
1590	3
1591	2
1592	3
1593	2
1594	3
1595	3
1596	2
1597	2
1598	2
1599	2
1600	1
1601	1
1602	2
1603	2
1604	2
1605	2
1606	4
1607	1
1608	2
1609	2
1610	2
1611	2
1612	3
1613	1
1614	2
1615	2
1616	2
1617	3
1618	1
1619	1
1620	1
1621	2
1622	2
1623	3
1624	4
1625	2
1626	2
1627	1
1628	3
1629	2
1630	2
1631	2
1632	2
1633	2
1634	2
1635	3
1636	2
1637	2
1638	2
1639	3
1640	2
1641	4
1642	3
1643	1
1644	2
1645	3
1646	2
1647	2
1648	1
1649	3
1650	2
1651	2
1652	2
1653	2
1654	2
1655	2
1656	2
1657	2
1658	1
1659	3
1660	2
1661	2
1662	4
1663	3
1664	2
1665	4
1666	3
1667	4
1668	1
1669	3
1670	3
1671	2
1672	4
1673	2
1674	1
1675	2
1676	3
1677	3
1678	2
1679	2
1680	4
1681	1
1682	2
1683	2
1684	2
1685	2
1686	2
1687	1
1688	4
1689	2
1690	1
1691	1
1692	2
1693	3
1694	2
1695	2
1696	2
1697	2
1698	2
1699	1
1700	2
1701	3
1702	3
1703	2
1704	3
1705	2
1706	1
1707	1
1708	3
1709	2
1710	2
1711	2
1712	2
1713	1
1714	2
1715	1
1716	3
1717	3
1718	2
1719	3
1720	4
1721	2
1722	4
1723	1
1724	5
1725	2
1726	4
1727	1
1728	2
1729	2
1730	3
1731	2
1732	2
1733	2
1734	2
1735	3
1736	2
1737	2
1738	2
1739	2
1740	2
1741	2
1742	3
1743	1
1744	1
1745	2
1746	2
1747	4
1748	2
1749	2
1750	2
1751	2
1752	3
1753	1
1754	1
1755	2
1756	2
1757	3
1758	2
1759	2
1760	3
1761	3
1762	3
1763	2
1764	3
1765	2
1766	1
1767	2
1768	3
1769	1
1770	3
1771	2
1772	1
1773	3
1774	1
1775	1
1776	4
1777	3
1778	2
1779	4
1780	3
1781	2
1782	2
1783	2
1784	2
1785	2
1786	3
1787	2
1788	2
1789	2
1790	3
1791	3
1792	2
1793	2
1794	2
1795	2
1796	2
1797	2
1798	3
1799	2
1800	2
1801	2
1802	1
1803	4
1804	2
1805	2
1806	2
1807	3
1808	2
1809	2
1810	1
1811	2
1812	2
1813	2
1814	3
1815	2
1816	2
1817	2
1818	2
1819	2
1820	1
1821	3
1822	2
1823	1
1824	1
1825	3
1826	2
1827	1
1828	2
1829	2
1830	3
1831	2
1832	2
1833	2
1834	1
1835	3
1836	1
1837	1
1838	2
1839	1
1840	2
1841	3
1842	2
1843	2
1844	1
1845	2
1846	2
1847	3
1848	1
1849	2
1850	2
1851	2
1852	2
1853	2
1854	2
1855	3
1856	1
1857	3
1858	2
1859	2
1860	3
1861	2
1862	2
1863	2
1864	2
1865	2
1866	2
1867	4
1868	2
1869	2
1870	3
1871	3
1872	1
1873	2
1874	2
1875	2
1876	2
1877	4
1878	3
1879	3
1880	3
1881	3
1882	2
1883	3
1884	4
1885	3
1886	2
1887	3
1888	1
1889	3
1890	3
1891	3
1892	5
1893	3
1894	3
1895	3
1896	3
1897	4
1898	2
1899	3
1900	4
1901	1
1902	2
1903	3
1904	3
1905	3
1906	4
1907	3
1908	3
1909	3
1910	2
1911	4
1912	3
1913	4
1914	3
1915	3
1916	2
1917	3
1918	3
1919	2
1920	2
1921	5
1922	3
1923	3
1924	3
1925	3
1926	4
1927	3
1928	4
1929	5
1930	3
1931	4
1932	4
1933	4
1934	3
1935	3
1936	3
1937	3
1938	3
1939	5
1940	4
1941	2
1942	3
1943	4
1944	3
1945	3
1946	2
1947	1
1948	1
1949	1
1950	4
1951	4
1952	3
1953	3
1954	2
1955	3
1956	4
1957	5
1958	2
1959	2
1960	2
1961	3
1962	3
1963	4
1964	3
1965	3
1966	3
1967	5
1968	4
1969	4
1970	2
1971	3
1972	4
1973	2
1974	3
1975	3
1976	1
1977	3
1978	3
1979	3
1980	3
1981	3
1982	4
1983	4
1984	4
1985	3
1986	3
1987	4
1988	2
1989	3
1990	1
1991	2
1992	4
1993	4
1994	3
1995	3
1996	3
1997	4
1998	3
1999	2
2000	3
2001	3
2002	3
2003	2
2004	2
2005	5
2006	4
2007	2
2008	3
2009	2
2010	4
2011	2
2012	3
2013	3
2014	3
2015	4
2016	3
2017	2
2018	3
2019	3
2020	3
2021	2
2022	4
2023	4
2024	3
2025	3
2026	3
2027	2
2028	3
2029	5
2030	3
2031	3
2032	4
2033	2
2034	3
2035	3
2036	4
2037	2
2038	3
2039	3
2040	4
2041	2
2042	4
2043	3
2044	2
2045	4
2046	4
2047	3
2048	4
2049	3
2050	3
2051	2
2052	2
2053	5
2054	3
2055	3
2056	4
2057	3
2058	4
2059	2
2060	4
2061	3
2062	4
2063	3
2064	4
2065	3
2066	2
2067	3
2068	3
2069	2
2070	4
2071	4
2072	4
2073	4
2074	3
2075	3
2076	2
2077	4
2078	3
2079	3
2080	3
2081	3
2082	3
2083	3
2084	3
2085	3
2086	1
2087	3
2088	3
2089	3
2090	3
2091	3
2092	3
2093	3
2094	3
2095	2
2096	3
2097	3
2098	2
2099	3
2100	4
2101	5
2102	2
2103	2
2104	3
2105	3
2106	4
2107	2
2108	3
2109	3
2110	3
2111	3
2112	3
2113	4
2114	3
2115	2
2116	4
2117	5
2118	4
2119	4
2120	2
2121	4
2122	3
2123	3
2124	3
2125	2
2126	3
2127	4
2128	3
2129	2
2130	2
2131	5
2132	3
2133	4
2134	2
2135	3
2136	2
2137	3
2138	2
2139	4
2140	2
2141	3
2142	3
2143	4
2144	3
2145	4
2146	2
2147	3
2148	4
2149	3
2150	2
2151	4
2152	4
2153	5
2154	4
2155	4
2156	5
2157	1
2158	4
2159	3
2160	3
2161	4
2162	3
2163	4
2164	3
2165	4
2166	3
2167	2
2168	5
2169	4
2170	2
2171	2
2172	4
2173	3
2174	3
2175	3
2176	2
2177	2
2178	3
2179	4
2180	3
2181	2
2182	2
2183	3
2184	4
2185	3
2186	4
2187	3
2188	5
2189	2
2190	4
2191	5
2192	4
2193	3
2194	3
2195	3
2196	5
2197	3
2198	3
2199	3
2200	4
2201	4
2202	2
2203	4
2204	3
2205	5
2206	3
2207	2
2208	5
2209	3
2210	3
2211	3
2212	3
2213	3
2214	3
2215	3
2216	3
2217	2
2218	2
2219	4
2220	3
2221	3
2222	2
2223	3
2224	3
2225	3
2226	2
2227	2
2228	3
2229	3
2230	4
2231	4
2232	3
2233	3
2234	3
2235	2
2236	3
2237	4
2238	4
2239	2
2240	3
2241	2
2242	3
2243	3
2244	3
2245	4
2246	3
2247	4
2248	4
2249	3
2250	3
2251	4
2252	3
2253	4
2254	3
2255	4
2256	2
2257	2
2258	3
2259	3
2260	4
2261	3
2262	4
2263	3
2264	3
2265	3
2266	4
2267	4
2268	3
2269	3
2270	3
2271	3
2272	3
2273	4
2274	1
2275	2
2276	3
2277	4
2278	3
2279	3
2280	3
2281	4
2282	4
2283	5
2284	2
2285	2
2286	4
2287	4
2288	3
2289	3
2290	3
2291	3
2292	3
2293	4
2294	3
2295	4
2296	4
2297	4
2298	4
2299	2
2300	2
2301	2
2302	2
2303	3
2304	2
2305	3
2306	3
2307	3
2308	3
2309	2
2310	2
2311	4
2312	4
2313	3
2314	2
2315	3
2316	3
2317	3
2318	4
2319	3
2320	2
2321	2
2322	2
2323	5
2324	4
2325	3
2326	3
2327	3
2328	3
2329	3
2330	5
2331	3
2332	3
2333	3
2334	5
2335	3
2336	4
2337	1
2338	3
2339	4
2340	3
2341	2
2342	2
2343	4
2344	3
2345	4
2346	1
2347	2
2348	4
2349	4
2350	4
2351	3
2352	4
2353	1
2354	3
2355	3
2356	3
2357	3
2358	3
2359	2
2360	2
2361	3
2362	3
2363	4
2364	3
2365	3
2366	2
2367	3
2368	3
2369	3
2370	2
2371	2
2372	3
2373	4
2374	3
2375	4
2376	5
2377	4
2378	3
2379	2
2380	3
2381	4
2382	4
2383	2
2384	4
2385	2
2386	4
2387	2
2388	3
2389	4
2390	3
2391	2
2392	4
2393	2
2394	2
2395	3
2396	4
2397	2
2398	4
2399	2
2400	2
2401	4
2402	3
2403	4
2404	4
2405	3
2406	2
2407	4
2408	3
2409	2
2410	3
2411	4
2412	2
2413	3
2414	3
2415	5
2416	1
2417	2
2418	4
2419	3
2420	3
2421	5
2422	4
2423	1
2424	3
2425	3
2426	2
2427	4
2428	4
2429	3
2430	4
2431	2
2432	4
2433	3
2434	3
2435	3
2436	3
2437	3
2438	3
2439	4
2440	4
2441	3
2442	2
2443	4
2444	4
2445	3
2446	3
2447	1
2448	3
2449	2
2450	4
2451	2
2452	2
2453	4
2454	3
2455	4
2456	4
2457	3
2458	5
2459	2
2460	2
2461	4
2462	3
2463	3
2464	4
2465	5
2466	2
2467	3
2468	3
2469	3
2470	3
2471	3
2472	2
2473	3
2474	4
2475	4
2476	3
2477	5
2478	4
2479	3
2480	2
2481	4
2482	3
2483	3
2484	1
2485	3
2486	3
2487	4
2488	3
2489	1
2490	3
2491	3
2492	4
2493	3
2494	4
2495	4
2496	3
2497	2
2498	1
2499	2
2500	4
2501	3
2502	4
2503	3
2504	3
2505	4
2506	2
2507	3
2508	1
2509	3
2510	3
2511	3
2512	4
2513	3
2514	2
2515	5
2516	2
2517	2
2518	2
2519	3
2520	3
2521	4
2522	2
2523	4
2524	3
2525	3
2526	3
2527	4
2528	3
2529	3
2530	4
2531	3
2532	4
2533	4
2534	3
2535	4
2536	2
2537	3
2538	3
2539	3
2540	2
2541	3
2542	3
2543	3
2544	3
2545	3
2546	3
2547	4
2548	3
2549	2
2550	4
2551	2
2552	3
2553	3
2554	2
2555	3
2556	3
2557	3
2558	4
2559	3
2560	3
2561	3
2562	3
2563	3
2564	4
2565	4
2566	4
2567	3
2568	3
2569	3
2570	4
2571	4
2572	1
2573	4
2574	3
2575	3
2576	3
2577	3
2578	1
2579	3
2580	3
2581	3
2582	2
2583	3
2584	3
2585	3
2586	3
2587	2
2588	3
2589	3
2590	3
2591	3
2592	4
2593	3
2594	3
2595	1
2596	3
2597	3
2598	3
2599	4
2600	2
2601	5
2602	2
2603	3
2604	3
2605	2
2606	4
2607	3
2608	2
2609	2
2610	3
2611	3
2612	4
2613	1
2614	2
2615	3
2616	3
2617	3
2618	3
2619	3
2620	4
2621	3
2622	4
2623	3
2624	2
2625	2
2626	4
2627	3
2628	3
2629	3
2630	2
2631	4
2632	3
2633	3
2634	3
2635	3
2636	2
2637	3
2638	3
2639	3
2640	2
2641	3
2642	4
2643	3
2644	3
2645	3
2646	3
2647	3
2648	3
2649	3
2650	3
2651	2
2652	5
2653	4
2654	3
2655	3
2656	3
2657	3
2658	4
2659	2
2660	2
2661	4
2662	2
2663	3
2664	3
2665	3
2666	3
2667	4
2668	4
2669	4
2670	3
2671	2
2672	3
2673	3
2674	2
2675	4
2676	3
2677	2
2678	2
2679	3
2680	3
2681	4
2682	4
2683	4
2684	3
2685	3
2686	4
2687	2
2688	3
2689	3
2690	3
2691	3
2692	3
2693	3
2694	4
2695	1
2696	2
2697	2
2698	1
2699	3
2700	4
2701	3
2702	3
2703	1
2704	4
2705	3
2706	4
2707	3
2708	3
2709	3
2710	4
2711	4
2712	2
2713	3
2714	2
2715	3
2716	2
2717	3
2718	3
2719	2
2720	3
2721	3
2722	3
2723	4
2724	3
2725	1
2726	3
2727	2
2728	3
2729	4
2730	3
2731	2
2732	3
2733	3
2734	3
2735	2
2736	3
2737	2
2738	3
2739	3
2740	3
2741	2
2742	3
2743	4
2744	3
2745	3
2746	3
2747	3
2748	3
2749	4
2750	4
2751	4
2752	3
2753	3
2754	3
2755	2
2756	3
2757	4
2758	5
2759	3
2760	3
2761	3
2762	3
2763	2
2764	2
2765	2
2766	3
2767	2
2768	5
2769	3
2770	3
2771	3
2772	3
2773	3
2774	3
2775	3
2776	1
2777	3
2778	3
2779	3
2780	3
2781	3
2782	3
2783	3
2784	4
2785	3
2786	2
2787	4
2788	4
2789	4
2790	4
2791	3
2792	3
2793	4
2794	3
2795	3
2796	2
2797	3
2798	3
2799	2
2800	3
2801	3
2802	2
2803	1
2804	5
2805	2
2806	3
2807	2
2808	4
2809	2
2810	2
2811	3
2812	3
2813	3
2814	4
2815	3
2816	3
2817	3
2818	3
2819	2
2820	3
2821	4
2822	2
2823	2
2824	5
2825	4
2826	2
2827	1
2828	3
2829	3
2830	4
2831	3
2832	2
2833	3
2834	3
2835	3
2836	3
2837	3
2838	2
2839	2
2840	2
2841	5
2842	3
2843	3
2844	3
2845	4
2846	3
2847	5
2848	3
2849	2
2850	3
2851	3
2852	4
2853	2
2854	3
2855	4
2856	4
2857	3
2858	3
2859	3
2860	3
2861	3
2862	3
2863	4
2864	2
2865	2
2866	4
2867	5
2868	2
2869	3
2870	3
2871	3
2872	3
2873	3
2874	3
2875	2
2876	3
2877	2
2878	3
2879	4
2880	3
2881	4
2882	3
2883	1
2884	2
2885	3
2886	2
2887	1
2888	4
2889	2
2890	5
2891	4
2892	3
2893	2
2894	3
2895	3
2896	3
2897	3
2898	4
2899	4
2900	4
2901	3
2902	3
2903	2
2904	4
2905	2
2906	3
2907	2
2908	3
2909	3
2910	3
2911	3
2912	3
2913	3
2914	2
2915	3
2916	3
2917	3
2918	3
2919	3
2920	2
2921	3
2922	4
2923	3
2924	4
2925	4
2926	4
2927	4
2928	3
2929	4
2930	3
2931	4
2932	3
2933	3
2934	5
2935	4
2936	3
2937	3
2938	3
2939	3
2940	4
2941	3
2942	4
2943	3
2944	4
2945	2
2946	3
2947	3
2948	3
2949	4
2950	4
2951	4
2952	2
2953	4
2954	3
2955	2
2956	2
2957	2
2958	3
2959	3
2960	4
2961	3
2962	3
2963	3
2964	3
2965	2
2966	3
2967	3
2968	4
2969	1
2970	3
2971	4
2972	3
2973	2
2974	3
2975	3
2976	3
2977	3
2978	4
2979	4
2980	3
2981	3
2982	4
2983	3
2984	1
2985	3
2986	2
2987	4
2988	5
2989	2
2990	4
2991	3
2992	5
2993	3
2994	2
2995	4
2996	2
2997	3
2998	2
2999	3
3000	2
3001	5
3002	1
3003	4
3004	3
3005	4
3006	3
3007	3
3008	2
3009	3
3010	4
3011	2
3012	2
3013	3
3014	2
3015	3
3016	2
3017	4
3018	3
3019	3
3020	2
3021	2
3022	3
3023	3
3024	2
3025	3
3026	3
3027	3
3028	3
3029	4
3030	3
3031	5
3032	3
3033	3
3034	2
3035	3
3036	3
3037	3
3038	3
3039	3
3040	2
3041	3
3042	3
3043	5
3044	3
3045	3
3046	3
3047	2
3048	5
3049	4
3050	3
3051	4
3052	3
3053	3
3054	4
3055	3
3056	3
3057	4
3058	3
3059	3
3060	2
3061	3
3062	2
3063	3
3064	3
3065	3
3066	3
3067	2
3068	3
3069	4
3070	5
3071	3
3072	3
3073	1
3074	3
3075	3
3076	1
3077	3
3078	4
3079	3
3080	2
3081	3
3082	2
3083	3
3084	3
3085	5
3086	4
3087	4
3088	3
3089	4
3090	3
3091	3
3092	3
3093	3
3094	3
3095	3
3096	2
3097	2
3098	3
3099	2
3100	2
3101	3
3102	3
3103	3
3104	4
3105	3
3106	2
3107	5
3108	3
3109	2
3110	3
3111	4
3112	2
3113	2
3114	4
3115	2
3116	3
3117	2
3118	4
3119	4
3120	3
3121	3
3122	1
3123	3
3124	3
3125	4
3126	2
3127	4
3128	3
3129	4
3130	4
3131	3
3132	3
3133	4
3134	3
3135	2
3136	3
3137	3
3138	3
3139	4
3140	3
3141	3
3142	3
3143	4
3144	3
3145	3
3146	3
3147	2
3148	4
3149	2
3150	3
3151	4
3152	5
3153	3
3154	3
3155	3
3156	2
3157	2
3158	3
3159	4
3160	3
3161	2
3162	2
3163	2
3164	2
3165	3
3166	4
3167	3
3168	3
3169	2
3170	3
3171	4
3172	4
3173	3
3174	3
3175	4
3176	5
3177	2
3178	3
3179	4
3180	3
3181	3
3182	3
3183	5
3184	3
3185	3
3186	4
3187	2
3188	5
3189	2
3190	3
3191	5
3192	3
3193	4
3194	3
3195	3
3196	3
3197	3
3198	5
3199	2
3200	4
3201	2
3202	4
3203	3
3204	4
3205	3
3206	4
3207	2
3208	3
3209	3
3210	3
3211	4
3212	5
3213	3
3214	2
3215	3
3216	2
3217	3
3218	3
3219	3
3220	3
3221	2
3222	4
3223	2
3224	3
3225	5
3226	3
3227	4
3228	5
3229	5
3230	4
3231	3
3232	3
3233	3
3234	3
3235	3
3236	3
3237	3
3238	4
3239	3
3240	3
3241	4
3242	4
3243	3
3244	2
3245	4
3246	4
3247	3
3248	2
3249	4
3250	2
3251	2
3252	4
3253	3
3254	3
3255	3
3256	3
3257	3
3258	2
3259	3
3260	3
3261	3
3262	3
3263	3
3264	3
3265	3
3266	3
3267	3
3268	4
3269	4
3270	3
3271	3
3272	3
3273	4
3274	4
3275	2
3276	3
3277	3
3278	3
3279	3
3280	3
3281	4
3282	3
3283	4
3284	3
3285	1
3286	3
3287	3
3288	3
3289	3
3290	4
3291	3
3292	5
3293	4
3294	3
3295	2
3296	2
3297	3
3298	2
3299	3
3300	3
3301	3
3302	2
3303	3
3304	3
3305	3
3306	3
3307	3
3308	4
3309	4
3310	3
3311	3
3312	3
3313	5
3314	3
3315	3
3316	3
3317	3
3318	4
3319	4
3320	3
3321	2
3322	3
3323	5
3324	3
3325	2
3326	3
3327	4
3328	3
3329	4
3330	3
3331	3
3332	3
3333	3
3334	3
3335	4
3336	5
3337	2
3338	3
3339	3
3340	4
3341	3
3342	4
3343	3
3344	5
3345	3
3346	4
3347	3
3348	4
3349	4
3350	5
3351	4
3352	3
3353	3
3354	3
3355	3
3356	3
3357	3
3358	3
3359	3
3360	4
3361	2
3362	4
3363	4
3364	2
3365	2
3366	3
3367	4
3368	3
3369	3
3370	3
3371	3
3372	3
3373	4
3374	3
3375	5
3376	3
3377	5
3378	4
3379	4
3380	5
3381	2
3382	5
3383	5
3384	5
3385	5
3386	5
3387	5
3388	4
3389	3
3390	5
3391	4
3392	3
3393	5
3394	4
3395	4
3396	4
3397	5
3398	4
3399	4
3400	5
3401	4
3402	5
3403	4
3404	5
3405	5
3406	4
3407	5
3408	5
3409	4
3410	4
3411	4
3412	5
3413	5
3414	4
3415	4
3416	4
3417	5
3418	4
3419	4
3420	5
3421	5
3422	4
3423	4
3424	3
3425	4
3426	4
3427	4
3428	3
3429	5
3430	4
3431	4
3432	4
3433	4
3434	4
3435	4
3436	5
3437	5
3438	4
3439	3
3440	5
3441	5
3442	4
3443	2
3444	4
3445	4
3446	5
3447	5
3448	3
3449	5
3450	5
3451	5
3452	5
3453	5
3454	3
3455	4
3456	3
3457	4
3458	5
3459	4
3460	4
3461	4
3462	4
3463	4
3464	4
3465	4
3466	5
3467	4
3468	4
3469	4
3470	4
3471	4
3472	5
3473	5
3474	4
3475	3
3476	5
3477	5
3478	4
3479	4
3480	5
3481	4
3482	4
3483	4
3484	4
3485	3
3486	4
3487	3
3488	5
3489	3
3490	4
3491	4
3492	4
3493	5
3494	4
3495	4
3496	3
3497	4
3498	5
3499	4
3500	4
3501	4
3502	3
3503	4
3504	3
3505	5
3506	3
3507	4
3508	3
3509	3
3510	5
3511	4
3512	4
3513	4
3514	4
3515	5
3516	4
3517	3
3518	4
3519	4
3520	5
3521	5
3522	5
3523	4
3524	4
3525	3
3526	4
3527	4
3528	5
3529	4
3530	4
3531	4
3532	5
3533	4
3534	3
3535	4
3536	5
3537	5
3538	5
3539	4
3540	3
3541	4
3542	4
3543	4
3544	4
3545	5
3546	3
3547	4
3548	4
3549	5
3550	3
3551	4
3552	4
3553	4
3554	4
3555	5
3556	4
3557	3
3558	3
3559	4
3560	4
3561	4
3562	4
3563	5
3564	5
3565	5
3566	5
3567	4
3568	4
3569	5
3570	4
3571	5
3572	4
3573	5
3574	4
3575	4
3576	4
3577	3
3578	4
3579	4
3580	4
3581	5
3582	5
3583	4
3584	4
3585	3
3586	3
3587	4
3588	5
3589	3
3590	5
3591	3
3592	4
3593	3
3594	5
3595	4
3596	4
3597	3
3598	5
3599	4
3600	4
3601	4
3602	4
3603	5
3604	3
3605	3
3606	4
3607	5
3608	4
3609	4
3610	4
3611	4
3612	5
3613	4
3614	4
3615	5
3616	4
3617	4
3618	5
3619	4
3620	3
3621	4
3622	5
3623	4
3624	3
3625	4
3626	5
3627	4
3628	5
3629	5
3630	4
3631	3
3632	5
3633	5
3634	4
3635	4
3636	4
3637	5
3638	4
3639	5
3640	4
3641	4
3642	4
3643	4
3644	5
3645	4
3646	4
3647	4
3648	5
3649	5
3650	5
3651	5
3652	4
3653	4
3654	4
3655	4
3656	5
3657	4
3658	4
3659	4
3660	4
3661	3
3662	3
3663	3
3664	4
3665	3
3666	4
3667	4
3668	5
3669	3
3670	5
3671	4
3672	4
3673	4
3674	3
3675	4
3676	4
3677	3
3678	4
3679	5
3680	4
3681	5
3682	4
3683	4
3684	3
3685	5
3686	4
3687	4
3688	4
3689	4
3690	4
3691	5
3692	5
3693	2
3694	4
3695	4
3696	4
3697	4
3698	5
3699	4
3700	5
3701	4
3702	3
3703	4
3704	3
3705	4
3706	3
3707	4
3708	4
3709	5
3710	4
3711	3
3712	5
3713	4
3714	4
3715	4
3716	5
3717	4
3718	4
3719	3
3720	5
3721	4
3722	4
3723	4
3724	5
3725	5
3726	3
3727	5
3728	2
3729	4
3730	4
3731	3
3732	4
3733	4
3734	3
3735	5
3736	5
3737	4
3738	4
3739	4
3740	4
3741	4
3742	4
3743	3
3744	5
3745	4
3746	4
3747	4
3748	4
3749	5
3750	4
3751	3
3752	4
3753	3
3754	5
3755	4
3756	4
3757	4
3758	4
3759	3
3760	4
3761	5
3762	4
3763	5
3764	5
3765	5
3766	4
3767	4
3768	4
3769	5
3770	4
3771	4
3772	3
3773	4
3774	5
3775	3
3776	5
3777	4
3778	4
3779	3
3780	5
3781	4
3782	4
3783	5
3784	4
3785	4
3786	5
3787	3
3788	4
3789	5
3790	4
3791	4
3792	4
3793	3
3794	3
3795	4
3796	3
3797	3
3798	5
3799	5
3800	4
3801	5
3802	5
3803	3
3804	5
3805	3
3806	4
3807	4
3808	4
3809	3
3810	5
3811	3
3812	5
3813	3
3814	4
3815	4
3816	5
3817	5
3818	4
3819	4
3820	4
3821	5
3822	4
3823	4
3824	4
3825	5
3826	4
3827	3
3828	4
3829	4
3830	3
3831	4
3832	5
3833	4
3834	4
3835	4
3836	5
3837	5
3838	5
3839	4
3840	5
3841	5
3842	4
3843	4
3844	5
3845	5
3846	4
3847	4
3848	4
3849	4
3850	4
3851	4
3852	5
3853	4
3854	5
3855	4
3856	3
3857	5
3858	3
3859	3
3860	4
3861	4
3862	4
3863	4
3864	3
3865	5
3866	5
3867	4
3868	4
3869	4
3870	5
3871	4
3872	5
3873	5
3874	4
3875	5
3876	4
3877	4
3878	3
3879	4
3880	4
3881	5
3882	4
3883	4
3884	3
3885	5
3886	4
3887	4
3888	4
3889	5
3890	4
3891	3
3892	3
3893	4
3894	4
3895	4
3896	4
3897	4
3898	3
3899	3
3900	5
3901	4
3902	5
3903	5
3904	2
3905	5
3906	5
3907	5
3908	4
3909	3
3910	5
3911	4
3912	4
3913	3
3914	5
3915	3
3916	4
3917	4
3918	4
3919	5
3920	5
3921	4
3922	3
3923	3
3924	4
3925	4
3926	4
3927	4
3928	3
3929	4
3930	3
3931	4
3932	4
3933	5
3934	5
3935	4
3936	4
3937	4
3938	5
3939	5
3940	4
3941	4
3942	5
3943	5
3944	4
3945	4
3946	3
3947	4
3948	5
3949	4
3950	4
3951	4
3952	3
3953	4
3954	5
3955	4
3956	4
3957	4
3958	4
3959	3
3960	3
3961	4
3962	4
3963	5
3964	3
3965	4
3966	5
3967	4
3968	5
3969	3
3970	5
3971	4
3972	5
3973	5
3974	4
3975	5
3976	5
3977	5
3978	4
3979	3
3980	3
3981	3
3982	2
3983	4
3984	4
3985	3
3986	5
3987	3
3988	3
3989	4
3990	4
3991	5
3992	5
3993	3
3994	4
3995	5
3996	4
3997	3
3998	4
3999	3
4000	5
4001	4
4002	3
4003	4
4004	4
4005	5
4006	5
4007	4
4008	3
4009	4
4010	5
4011	3
4012	4
4013	5
4014	4
4015	4
4016	3
4017	3
4018	5
4019	3
4020	4
4021	4
4022	4
4023	5
4024	5
4025	4
4026	4
4027	4
4028	5
4029	5
4030	2
4031	5
4032	4
4033	5
4034	5
4035	5
4036	4
4037	4
4038	3
4039	5
4040	5
4041	4
4042	5
4043	4
4044	3
4045	4
4046	3
4047	5
4048	4
4049	5
4050	4
4051	4
4052	4
4053	4
4054	5
4055	2
4056	5
4057	5
4058	4
4059	5
4060	2
4061	5
4062	5
4063	4
4064	4
4065	5
4066	4
4067	4
4068	5
4069	4
4070	4
4071	4
4072	3
4073	3
4074	4
4075	5
4076	4
4077	4
4078	5
4079	4
4080	4
4081	5
4082	4
4083	5
4084	4
4085	4
4086	3
4087	4
4088	4
4089	4
4090	4
4091	5
4092	5
4093	4
4094	4
4095	5
4096	4
4097	4
4098	4
4099	5
4100	3
4101	4
4102	5
4103	5
4104	5
4105	3
4106	4
4107	4
4108	1
4109	4
4110	5
4111	4
4112	4
4113	5
4114	4
4115	5
4116	5
4117	4
4118	4
4119	3
4120	5
4121	5
4122	4
4123	3
4124	3
4125	4
4126	4
4127	4
4128	5
4129	4
4130	5
4131	5
4132	3
4133	5
4134	5
4135	4
4136	4
4137	4
4138	4
4139	5
4140	4
4141	4
4142	4
4143	4
4144	3
4145	4
4146	5
4147	3
4148	3
4149	4
4150	4
4151	3
4152	3
4153	5
4154	3
4155	5
4156	5
4157	4
4158	5
4159	5
4160	3
4161	4
4162	4
4163	4
4164	4
4165	4
4166	5
4167	5
4168	3
4169	5
4170	3
4171	5
4172	4
4173	4
4174	4
4175	4
4176	4
4177	5
4178	3
4179	4
4180	5
4181	5
4182	4
4183	4
4184	2
4185	1
4186	5
4187	5
4188	2
4189	4
4190	5
4191	3
4192	4
4193	4
4194	5
4195	5
4196	3
4197	4
4198	4
4199	5
4200	5
4201	4
4202	3
4203	5
4204	5
4205	4
4206	4
4207	4
4208	4
4209	4
4210	5
4211	5
4212	5
4213	5
4214	4
4215	4
4216	4
4217	4
4218	3
4219	4
4220	5
4221	4
4222	4
4223	5
4224	5
4225	5
4226	5
4227	3
4228	4
4229	3
4230	5
4231	3
4232	5
4233	5
4234	4
4235	5
4236	4
4237	4
4238	3
4239	4
4240	5
4241	5
4242	4
4243	5
4244	3
4245	4
4246	5
4247	5
4248	4
4249	4
4250	3
4251	4
4252	5
4253	4
4254	4
4255	5
4256	4
4257	3
4258	4
4259	5
4260	5
4261	4
4262	4
4263	5
4264	3
4265	4
4266	3
4267	4
4268	5
4269	5
4270	3
4271	4
4272	5
4273	4
4274	4
4275	4
4276	3
4277	4
4278	4
4279	4
4280	4
4281	5
4282	4
4283	3
4284	5
4285	3
4286	4
4287	5
4288	5
4289	3
4290	4
4291	5
4292	5
4293	4
4294	4
4295	4
4296	4
4297	3
4298	3
4299	5
4300	4
4301	4
4302	5
4303	1
4304	4
4305	4
4306	3
4307	4
4308	4
4309	4
4310	5
4311	4
4312	5
4313	4
4314	4
4315	3
4316	4
4317	4
4318	4
4319	5
4320	3
4321	4
4322	3
4323	5
4324	5
4325	4
4326	4
4327	4
4328	4
4329	4
4330	4
4331	4
4332	5
4333	5
4334	4
4335	4
4336	4
4337	4
4338	5
4339	4
4340	4
4341	3
4342	5
4343	3
4344	4
4345	4
4346	5
4347	4
4348	4
4349	4
4350	5
4351	4
4352	5
4353	3
4354	3
4355	5
4356	5
4357	5
4358	4
4359	4
4360	5
4361	4
4362	5
4363	4
4364	4
4365	4
4366	5
4367	5
4368	5
4369	3
4370	3
4371	3
4372	5
4373	4
4374	3
4375	4
4376	4
4377	5
4378	4
4379	4
4380	3
4381	3
4382	4
4383	4
4384	4
4385	4
4386	5
4387	4
4388	4
4389	4
4390	5
4391	3
4392	5
4393	5
4394	4
4395	3
4396	4
4397	4
4398	5
4399	3
4400	5
4401	4
4402	5
4403	4
4404	3
4405	5
4406	3
4407	5
4408	4
4409	4
4410	4
4411	4
4412	4
4413	4
4414	4
4415	4
4416	5
4417	5
4418	3
4419	4
4420	3
4421	4
4422	4
4423	4
4424	4
4425	4
4426	5
4427	4
4428	4
4429	5
4430	4
4431	4
4432	5
4433	4
4434	4
4435	5
4436	4
4437	4
4438	4
4439	4
4440	5
4441	5
4442	4
4443	4
4444	4
4445	5
4446	4
4447	5
4448	3
4449	4
4450	3
4451	4
4452	3
4453	5
4454	4
4455	5
4456	4
4457	5
4458	5
4459	3
4460	4
4461	4
4462	4
4463	3
4464	3
4465	4
4466	4
4467	4
4468	5
4469	4
4470	4
4471	4
4472	5
4473	5
4474	3
4475	4
4476	4
4477	5
4478	4
4479	5
4480	4
4481	3
4482	5
4483	4
4484	5
4485	4
4486	4
4487	4
4488	4
4489	5
4490	4
4491	5
4492	5
4493	5
4494	4
4495	4
4496	4
4497	4
4498	3
4499	5
4500	4
4501	3
4502	5
4503	5
4504	5
4505	5
4506	5
4507	4
4508	3
4509	3
4510	5
4511	5
4512	4
4513	5
4514	5
4515	4
4516	4
4517	2
4518	4
4519	5
4520	3
4521	4
4522	4
4523	4
4524	3
4525	4
4526	5
4527	4
4528	4
4529	4
4530	5
4531	5
4532	4
4533	4
4534	4
4535	4
4536	4
4537	5
4538	5
4539	2
4540	4
4541	5
4542	5
4543	5
4544	5
4545	5
4546	5
4547	4
4548	3
4549	5
4550	4
4551	5
4552	3
4553	4
4554	4
4555	4
4556	5
4557	3
4558	5
4559	5
4560	4
4561	4
4562	4
4563	4
4564	4
4565	4
4566	4
4567	5
4568	4
4569	4
4570	4
4571	3
4572	4
4573	4
4574	5
4575	5
4576	2
4577	4
4578	4
4579	4
4580	4
4581	4
4582	4
4583	5
4584	5
4585	5
4586	4
4587	4
4588	5
4589	4
4590	4
4591	4
4592	5
4593	4
4594	5
4595	3
4596	5
4597	4
4598	4
4599	4
4600	5
4601	4
4602	5
4603	5
4604	4
4605	5
4606	4
4607	4
4608	3
4609	5
4610	4
4611	4
4612	3
4613	5
4614	5
4615	4
4616	4
4617	4
4618	4
4619	4
4620	3
4621	5
4622	4
4623	4
4624	5
4625	4
4626	5
4627	4
4628	5
4629	5
4630	5
4631	5
4632	5
4633	4
4634	4
4635	4
4636	4
4637	4
4638	4
4639	4
4640	4
4641	3
4642	3
4643	4
4644	4
4645	4
4646	4
4647	4
4648	4
4649	4
4650	4
4651	3
4652	4
4653	5
4654	4
4655	5
4656	4
4657	4
4658	4
4659	4
4660	4
4661	4
4662	4
4663	4
4664	3
4665	5
4666	4
4667	4
4668	4
4669	5
4670	4
4671	3
4672	5
4673	5
4674	4
4675	4
4676	4
4677	5
4678	2
4679	5
4680	4
4681	3
4682	4
4683	3
4684	4
4685	4
4686	4
4687	4
4688	3
4689	4
4690	3
4691	4
4692	3
4693	5
4694	4
4695	4
4696	5
4697	2
4698	4
4699	3
4700	4
4701	4
4702	4
4703	4
4704	3
4705	5
4706	4
4707	5
4708	4
4709	4
4710	4
4711	4
4712	4
4713	4
4714	4
4715	5
4716	4
4717	5
4718	4
4719	4
4720	4
4721	4
4722	4
4723	4
4724	4
4725	4
4726	5
4727	5
4728	4
4729	3
4730	5
4731	4
4732	4
4733	5
4734	5
4735	2
4736	4
4737	5
4738	5
4739	4
4740	3
4741	5
4742	3
4743	4
4744	4
4745	5
4746	3
4747	4
4748	5
4749	4
4750	3
4751	4
4752	5
4753	4
4754	4
4755	5
4756	4
4757	5
4758	4
4759	4
4760	4
4761	5
4762	2
4763	4
4764	3
4765	4
4766	4
4767	3
4768	5
4769	4
4770	4
4771	4
4772	3
4773	3
4774	3
4775	4
4776	4
4777	4
4778	3
4779	5
4780	4
4781	4
4782	4
4783	4
4784	2
4785	3
4786	5
4787	4
4788	5
4789	4
4790	4
4791	4
4792	5
4793	4
4794	2
4795	4
4796	4
4797	5
4798	5
4799	3
4800	4
4801	4
4802	4
4803	4
4804	5
4805	4
4806	5
4807	4
4808	3
4809	3
4810	3
4811	4
4812	5
4813	4
4814	4
4815	4
4816	4
4817	4
4818	5
4819	4
4820	4
4821	4
4822	4
4823	4
4824	5
4825	4
4826	4
4827	5
4828	4
4829	5
4830	4
4831	4
4832	4
4833	5
4834	4
4835	5
4836	5
4837	4
4838	5
4839	3
4840	4
4841	5
4842	5
4843	4
4844	5
4845	5
4846	5
4847	4
4848	4
4849	5
4850	4
4851	5
4852	5
4853	5
4854	5
4855	4
4856	4
4857	5
4858	4
4859	4
4860	4
4861	4
4862	4
4863	4
4864	5
4865	3
4866	4
4867	5
4868	4
4869	5
4870	4
4871	4
4872	5
4873	3
4874	5
4875	4
4876	4
4877	3
4878	4
4879	3
4880	4
4881	4
4882	5
4883	2
4884	5
4885	4
4886	5
4887	4
4888	4
4889	3
4890	5
4891	4
4892	3
4893	3
4894	4
4895	4
4896	3
4897	5
4898	5
4899	4
4900	4
4901	5
4902	4
4903	5
4904	5
4905	4
4906	3
4907	5
4908	5
4909	4
4910	4
4911	4
4912	5
4913	4
4914	4
4915	1
4916	5
4917	3
4918	5
4919	4
4920	4
4921	4
4922	4
4923	5
4924	5
4925	4
4926	3
4927	5
4928	3
4929	4
4930	5
4931	4
4932	4
4933	5
4934	4
4935	5
4936	3
4937	4
4938	4
4939	5
4940	5
4941	4
4942	5
4943	4
4944	4
4945	3
4946	4
4947	3
4948	4
4949	5
4950	4
4951	5
4952	3
4953	4
4954	5
4955	5
4956	5
4957	4
4958	4
4959	5
4960	4
4961	5
4962	4
4963	4
4964	4
4965	4
4966	4
4967	5
4968	4
4969	3
4970	4
4971	3
4972	4
4973	5
4974	4
4975	4
4976	5
4977	4
4978	4
4979	4
4980	4
4981	3
4982	4
4983	5
4984	4
4985	3
4986	5
4987	3
4988	4
4989	4
4990	3
4991	5
4992	5
4993	5
4994	4
4995	4
4996	3
4997	4
4998	5
4999	4
5000	5
5001	4
5002	3
5003	4
5004	4
5005	4
5006	3
5007	4
5008	4
5009	4
5010	4
5011	4
5012	4
5013	4
5014	4
5015	4
5016	5
5017	5
5018	4
5019	4
5020	4
5021	5
5022	3
5023	5
5024	4
5025	4
5026	5
5027	5
5028	5
5029	4
5030	5
5031	4
5032	4
5033	5
5034	5
5035	4
5036	5
5037	4
5038	4
5039	4
5040	4
5041	4
5042	5
5043	4
5044	4
5045	5
5046	4
5047	4
5048	5
5049	4
5050	4
5051	4
5052	4
5053	4
5054	4
5055	4
5056	5
5057	3
5058	3
5059	4
5060	4
5061	4
5062	3
5063	4
5064	5
5065	5
5066	1
5067	3
5068	4
5069	5
5070	4
5071	4
5072	3
5073	5
5074	4
5075	5
5076	4
5077	5
5078	4
5079	3
5080	5
5081	5
5082	5
5083	4
5084	3
5085	5
5086	3
5087	4
5088	4
5089	4
5090	4
5091	4
5092	5
5093	4
5094	5
5095	5
5096	4
5097	5
5098	3
5099	4
5100	5
5101	3
5102	4
5103	4
5104	4
5105	3
5106	5
5107	5
5108	3
5109	5
5110	4
5111	4
5112	4
5113	5
5114	4
5115	5
5116	3
5117	4
5118	3
5119	3
5120	4
5121	4
5122	3
5123	1
5124	4
5125	4
5126	4
5127	4
5128	3
5129	5
5130	5
5131	5
5132	3
5133	3
5134	4
5135	3
5136	5
5137	4
5138	3
5139	3
5140	4
5141	3
5142	4
5143	4
5144	4
5145	4
5146	5
5147	4
5148	5
5149	4
5150	4
5151	5
5152	5
5153	5
5154	4
5155	5
5156	5
5157	4
5158	4
5159	3
5160	4
5161	4
5162	2
5163	4
5164	5
5165	5
5166	5
5167	4
5168	5
5169	5
5170	3
5171	4
5172	4
5173	4
5174	3
5175	4
5176	3
5177	4
5178	4
5179	4
5180	4
5181	4
5182	5
5183	3
5184	5
5185	4
5186	4
5187	4
5188	4
5189	4
5190	3
5191	5
5192	5
5193	5
5194	4
5195	4
5196	4
5197	5
5198	5
5199	5
5200	3
5201	4
5202	5
5203	5
5204	5
5205	4
5206	5
5207	5
5208	4
5209	3
5210	4
5211	4
5212	4
5213	5
5214	4
5215	5
5216	4
5217	5
5218	3
5219	4
5220	3
5221	3
5222	4
5223	4
5224	4
5225	4
5226	4
5227	2
5228	5
5229	4
5230	5
5231	3
5232	5
5233	4
5234	5
5235	4
5236	4
5237	4
5238	5
5239	3
5240	4
5241	4
5242	4
5243	5
5244	4
5245	4
5246	4
5247	4
5248	4
5249	4
5250	5
5251	5
5252	5
5253	4
5254	5
5255	5
5256	5
5257	5
5258	4
5259	4
5260	5
5261	5
5262	5
5263	4
5264	5
5265	5
5266	5
5267	4
5268	5
5269	5
5270	5
5271	5
5272	5
5273	5
5274	5
5275	5
5276	5
5277	4
5278	5
5279	5
5280	5
5281	5
5282	5
5283	5
5284	3
5285	5
5286	5
5287	5
5288	5
5289	5
5290	5
5291	4
5292	3
5293	5
5294	5
5295	4
5296	5
5297	5
5298	5
5299	5
5300	5
5301	5
5302	4
5303	3
5304	4
5305	5
5306	5
5307	5
5308	5
5309	5
5310	3
5311	5
5312	5
5313	5
5314	5
5315	5
5316	5
5317	4
5318	5
5319	5
5320	5
5321	5
5322	4
5323	4
5324	5
5325	5
5326	5
5327	5
5328	5
5329	4
5330	5
5331	5
5332	5
5333	5
5334	5
5335	5
5336	5
5337	4
5338	5
5339	4
5340	5
5341	5
5342	4
5343	5
5344	5
5345	4
5346	4
5347	5
5348	5
5349	5
5350	4
5351	5
5352	5
5353	4
5354	5
5355	4
5356	4
5357	5
5358	5
5359	4
5360	5
5361	5
5362	4
5363	4
5364	5
5365	5
5366	5
5367	5
5368	4
5369	4
5370	5
5371	4
5372	5
5373	5
5374	5
5375	5
5376	4
5377	5
5378	5
5379	5
5380	5
5381	5
5382	4
5383	5
5384	5
5385	4
5386	4
5387	5
5388	5
5389	5
5390	5
5391	4
5392	5
5393	5
5394	5
5395	4
5396	5
5397	5
5398	5
5399	5
5400	5
5401	5
5402	5
5403	5
5404	4
5405	5
5406	5
5407	3
5408	3
5409	5
5410	5
5411	5
5412	5
5413	5
5414	5
5415	5
5416	5
5417	5
5418	3
5419	5
5420	5
5421	5
5422	5
5423	5
5424	4
5425	3
5426	4
5427	5
5428	5
5429	5
5430	4
5431	5
5432	5
5433	5
5434	5
5435	5
5436	5
5437	5
5438	5
5439	5
5440	5
5441	5
5442	5
5443	5
5444	5
5445	5
5446	5
5447	5
5448	1
5449	5
5450	4
5451	5
5452	5
5453	5
5454	5
5455	5
5456	5
5457	5
5458	5
5459	5
5460	5
5461	5
5462	5
5463	5
5464	5
5465	5
5466	5
5467	5
5468	5
5469	4
5470	5
5471	5
5472	4
5473	4
5474	5
5475	4
5476	5
5477	5
5478	5
5479	5
5480	5
5481	5
5482	5
5483	5
5484	5
5485	5
5486	5
5487	4
5488	5
5489	5
5490	5
5491	4
5492	5
5493	5
5494	5
5495	5
5496	5
5497	4
5498	5
5499	5
5500	5
5501	4
5502	5
5503	5
5504	5
5505	5
5506	4
5507	4
5508	5
5509	5
5510	4
5511	5
5512	5
5513	5
5514	5
5515	5
5516	5
5517	5
5518	5
5519	5
5520	5
5521	5
5522	4
5523	4
5524	4
5525	5
5526	4
5527	5
5528	4
5529	5
5530	5
5531	5
5532	4
5533	4
5534	5
5535	5
5536	5
5537	5
5538	4
5539	4
5540	5
5541	4
5542	5
5543	4
5544	5
5545	5
5546	4
5547	4
5548	4
5549	5
5550	5
5551	3
5552	5
5553	5
5554	5
5555	5
5556	5
5557	5
5558	5
5559	5
5560	5
5561	4
5562	5
5563	5
5564	4
5565	5
5566	4
5567	4
5568	5
5569	5
5570	5
5571	4
5572	5
5573	5
5574	3
5575	5
5576	5
5577	5
5578	5
5579	5
5580	5
5581	5
5582	4
5583	5
5584	5
5585	4
5586	5
5587	5
5588	5
5589	5
5590	5
5591	5
5592	5
5593	4
5594	5
5595	5
5596	4
5597	4
5598	4
5599	5
5600	5
5601	5
5602	4
5603	4
5604	5
5605	4
5606	5
5607	5
5608	5
5609	4
5610	5
5611	5
5612	5
5613	4
5614	5
5615	4
5616	4
5617	5
5618	4
5619	5
5620	5
5621	5
5622	5
5623	5
5624	5
5625	5
5626	5
5627	5
5628	5
5629	4
5630	5
5631	5
5632	4
5633	5
5634	5
5635	4
5636	5
5637	5
5638	5
5639	5
5640	4
5641	4
5642	5
5643	4
5644	5
5645	5
5646	5
5647	4
5648	4
5649	5
5650	5
5651	4
5652	5
5653	5
5654	4
5655	5
5656	5
5657	4
5658	5
5659	5
5660	5
5661	5
5662	5
5663	4
5664	5
5665	5
5666	5
5667	5
5668	5
5669	5
5670	4
5671	3
5672	5
5673	4
5674	5
5675	4
5676	5
5677	5
5678	3
5679	5
5680	5
5681	5
5682	5
5683	4
5684	4
5685	5
5686	5
5687	5
5688	5
5689	4
5690	4
5691	4
5692	3
5693	5
5694	5
5695	5
5696	5
5697	5
5698	5
5699	5
5700	5
5701	5
5702	4
5703	5
5704	5
5705	5
5706	5
5707	5
5708	4
5709	5
5710	4
5711	5
5712	5
5713	5
5714	4
5715	5
5716	5
5717	5
5718	5
5719	5
5720	4
5721	5
5722	5
5723	5
5724	5
5725	5
5726	4
5727	5
5728	5
5729	5
5730	5
5731	5
5732	4
5733	3
5734	5
5735	4
5736	5
5737	5
5738	5
5739	5
5740	5
5741	4
5742	5
5743	4
5744	5
5745	5
5746	5
5747	5
5748	4
5749	5
5750	4
5751	5
5752	4
5753	5
5754	4
5755	4
5756	5
5757	5
5758	5
5759	5
5760	4
5761	4
5762	5
5763	4
5764	5
5765	5
5766	5
5767	4
5768	3
5769	4
5770	5
5771	4
5772	5
5773	5
5774	4
5775	5
5776	5
5777	5
5778	5
5779	5
5780	5
5781	4
5782	5
5783	5
5784	5
5785	5
5786	5
5787	4
5788	5
5789	5
5790	4
5791	5
5792	2
5793	5
5794	5
5795	5
5796	4
5797	5
5798	5
5799	5
5800	5
5801	5
5802	5
5803	5
5804	3
5805	5
5806	5
5807	5
5808	4
5809	5
5810	5
5811	5
5812	5
5813	5
5814	5
5815	5
5816	5
5817	5
5818	5
5819	5
5820	5
5821	5
5822	5
5823	5
5824	5
5825	5
5826	5
5827	5
5828	5
5829	5
5830	5
5831	5
5832	4
5833	5
5834	5
5835	5
5836	3
5837	5
5838	5
5839	5
5840	5
5841	4
5842	5
5843	5
5844	5
5845	5
5846	4
5847	1
5848	5
5849	4
5850	4
5851	4
5852	4
5853	5
5854	5
5855	5
5856	5
5857	3
5858	5
5859	4
5860	5
5861	5
5862	5
5863	5
5864	5
5865	5
5866	5
5867	5
5868	5
5869	5
5870	5
5871	5
5872	5
5873	4
5874	5
5875	5
5876	5
5877	5
5878	5
5879	5
5880	5
5881	5
5882	5
5883	5
5884	5
5885	5
5886	5
5887	5
5888	5
5889	4
5890	5
5891	5
5892	4
5893	5
5894	5
5895	5
5896	5
5897	5
5898	5
5899	5
5900	4
5901	5
5902	5
5903	4
5904	5
5905	5
5906	5
5907	5
5908	5
5909	5
5910	5
5911	5
5912	5
5913	5
5914	5
5915	5
5916	5
5917	5
5918	4
5919	5
5920	5
5921	5
5922	5
5923	5
5924	5
5925	5
5926	5
5927	5
5928	5
5929	5
5930	5
5931	5
5932	4
5933	5
5934	5
5935	5
5936	1
5937	5
5938	5
5939	4
5940	4
5941	5
5942	5
5943	5
5944	5
5945	5
5946	5
5947	5
5948	4
5949	4
5950	4
5951	4
5952	5
5953	5
5954	4
5955	3
5956	4
5957	4
5958	5
5959	5
5960	5
5961	5
5962	4
5963	4
5964	5
5965	5
5966	4
5967	4
5968	4
5969	5
5970	5
5971	5
5972	4
5973	5
5974	5
5975	5
5976	4
5977	5
5978	4
5979	4
5980	5
5981	5
5982	5
5983	5
5984	4
5985	5
5986	5
5987	5
5988	5
5989	5
5990	5
5991	4
5992	5
5993	4
5994	4
5995	4
5996	5
5997	5
5998	5
5999	5
6000	5
6001	4
6002	5
6003	5
6004	4
6005	4
6006	5
6007	4
6008	4
6009	5
6010	5
6011	4
6012	4
6013	5
6014	5
6015	5
6016	4
6017	5
6018	5
6019	4
6020	5
6021	4
6022	5
6023	5
6024	4
6025	5
6026	5
6027	5
6028	5
6029	5
6030	5
6031	5
6032	5
6033	5
6034	5
6035	5
6036	5
6037	5
6038	5
6039	4
6040	5
6041	5
6042	4
6043	5
6044	5
6045	5
6046	5
6047	5
6048	5
6049	5
6050	5
6051	5
6052	5
6053	5
6054	5
6055	5
6056	5
6057	5
6058	5
6059	5
6060	5
6061	4
6062	5
6063	5
6064	5
6065	5
6066	5
6067	5
6068	1
6069	5
6070	5
6071	4
6072	4
6073	5
6074	5
6075	4
6076	5
6077	5
6078	4
6079	5
6080	5
6081	5
6082	5
6083	5
6084	4
6085	5
6086	4
6087	5
6088	3
6089	5
6090	5
6091	5
6092	5
6093	3
6094	4
6095	5
6096	5
6097	5
6098	5
6099	4
6100	5
6101	5
6102	4
6103	5
6104	5
6105	5
6106	5
6107	5
6108	5
6109	5
6110	5
6111	5
6112	4
6113	4
6114	5
6115	5
6116	5
6117	5
6118	3
6119	5
6120	5
6121	4
6122	5
6123	4
6124	5
6125	5
6126	5
6127	4
6128	5
6129	5
6130	5
6131	5
6132	5
6133	5
6134	4
6135	5
6136	5
6137	5
6138	5
6139	5
6140	4
6141	5
6142	5
6143	5
6144	5
6145	4
6146	5
6147	5
6148	5
6149	5
6150	5
6151	3
6152	5
6153	5
6154	5
6155	5
6156	5
6157	5
6158	5
6159	5
6160	5
6161	5
6162	5
6163	5
6164	5
6165	4
6166	5
6167	5
6168	3
6169	4
6170	5
6171	4
6172	4
6173	5
6174	5
6175	5
6176	3
6177	5
6178	4
6179	5
6180	5
6181	4
6182	5
6183	5
6184	5
6185	5
6186	5
6187	5
6188	5
6189	5
6190	4
6191	5
6192	5
6193	5
6194	5
6195	4
6196	5
6197	5
6198	5
6199	5
6200	5
6201	3
6202	4
6203	5
6204	5
6205	4
6206	5
6207	5
6208	5
6209	5
6210	5
6211	5
6212	5
6213	5
6214	4
6215	4
6216	5
6217	5
6218	5
6219	4
6220	5
6221	5
6222	4
6223	5
6224	5
6225	5
6226	5
6227	5
6228	5
6229	5
6230	5
6231	5
6232	5
6233	5
6234	4
6235	5
6236	5
6237	4
6238	5
6239	5
6240	5
6241	5
6242	5
6243	5
6244	4
6245	5
6246	5
6247	4
6248	5
6249	5
6250	5
6251	5
6252	3
6253	5
6254	5
6255	5
6256	5
6257	4
6258	4
6259	5
6260	5
6261	5
6262	4
6263	5
6264	5
6265	4
6266	5
6267	5
6268	5
6269	5
6270	5
6271	5
6272	4
6273	5
6274	5
6275	5
6276	5
6277	5
6278	5
6279	5
6280	5
6281	5
6282	5
6283	5
6284	5
6285	4
6286	5
6287	4
6288	5
6289	4
6290	5
6291	5
6292	4
6293	5
6294	5
6295	5
6296	5
6297	5
6298	5
6299	5
6300	4
6301	5
6302	5
6303	4
6304	5
6305	4
6306	5
6307	5
6308	5
6309	5
6310	5
6311	5
6312	5
6313	5
6314	5
6315	5
6316	4
6317	3
6318	4
6319	5
6320	5
6321	5
6322	4
6323	5
6324	5
6325	5
6326	5
6327	4
6328	4
6329	5
6330	5
6331	4
6332	4
6333	5
6334	5
6335	4
6336	4
6337	5
6338	5
6339	5
6340	5
6341	4
6342	4
6343	5
6344	5
6345	5
6346	4
6347	4
6348	4
6349	4
6350	4
6351	4
6352	5
6353	5
6354	5
6355	5
6356	4
6357	5
6358	5
6359	5
6360	2
6361	4
6362	4
6363	5
6364	5
6365	3
6366	5
6367	5
6368	4
6369	5
6370	5
6371	4
6372	4
6373	4
6374	5
6375	5
6376	5
6377	4
6378	4
6379	5
6380	5
6381	5
6382	4
6383	5
6384	4
6385	5
6386	5
6387	5
6388	5
6389	5
6390	5
6391	4
6392	5
6393	4
6394	5
6395	5
6396	4
6397	5
6398	5
6399	5
6400	5
6401	5
6402	5
6403	5
6404	5
6405	5
6406	5
6407	2
6408	3
6409	5
6410	5
6411	5
6412	5
6413	5
6414	5
6415	4
6416	5
6417	5
6418	5
6419	5
6420	5
6421	5
6422	5
6423	5
6424	5
6425	4
6426	5
6427	5
6428	5
6429	5
6430	5
6431	5
6432	5
6433	5
6434	5
6435	5
6436	5
6437	4
6438	5
6439	3
6440	5
6441	5
6442	5
6443	5
6444	4
6445	5
6446	5
6447	5
6448	5
6449	5
6450	4
6451	5
6452	4
6453	2
6454	5
6455	5
6456	5
6457	5
6458	5
6459	4
6460	5
6461	5
6462	5
6463	4
6464	5
6465	5
6466	5
6467	5
6468	4
6469	5
6470	5
6471	5
6472	4
6473	5
6474	5
6475	5
6476	5
6477	5
6478	5
6479	4
6480	5
6481	4
6482	5
6483	5
6484	5
6485	4
6486	5
6487	5
6488	5
6489	5
6490	2
6491	4
6492	5
6493	5
6494	5
6495	4
6496	4
6497	5
6498	5
6499	4
6500	5
6501	5
6502	5
6503	5
6504	5
6505	5
6506	5
6507	5
6508	5
6509	5
6510	5
6511	5
6512	4
6513	4
6514	5
6515	5
6516	4
6517	5
6518	5
6519	5
6520	4
6521	5
6522	5
6523	5
6524	5
6525	5
6526	5
6527	5
6528	5
6529	5
6530	4
6531	4
6532	4
6533	5
6534	4
6535	4
6536	4
6537	5
6538	5
6539	4
6540	5
6541	3
6542	4
6543	5
6544	5
6545	5
6546	4
6547	5
6548	5
6549	5
6550	5
6551	4
6552	5
6553	5
6554	4
6555	5
6556	5
6557	5
6558	5
6559	5
6560	5
6561	5
6562	5
6563	5
6564	5
6565	4
6566	5
6567	5
6568	5
6569	5
6570	5
6571	5
6572	4
6573	4
6574	5
6575	4
6576	4
6577	5
6578	5
6579	4
6580	5
6581	5
6582	5
6583	4
6584	5
6585	5
6586	4
6587	5
6588	5
6589	5
6590	5
6591	4
6592	4
6593	5
6594	5
6595	5
6596	4
6597	5
6598	4
6599	4
6600	5
6601	3
6602	5
6603	5
6604	5
6605	5
6606	5
6607	4
6608	5
6609	5
6610	4
6611	5
6612	4
6613	5
6614	4
6615	5
6616	5
6617	5
6618	5
6619	5
6620	4
6621	5
6622	5
6623	4
6624	5
6625	5
6626	4
6627	4
6628	5
6629	5
6630	4
6631	4
6632	5
6633	5
6634	5
6635	5
6636	4
6637	4
6638	5
6639	5
6640	4
6641	4
6642	5
6643	5
6644	5
6645	4
6646	4
6647	5
6648	5
6649	5
6650	5
6651	5
6652	4
6653	5
6654	5
6655	4
6656	4
6657	5
6658	5
6659	4
6660	5
6661	4
6662	5
6663	5
6664	5
6665	4
6666	4
6667	5
6668	5
6669	5
6670	5
6671	5
6672	5
6673	5
6674	4
6675	5
6676	5
6677	5
6678	5
6679	5
6680	5
6681	5
6682	5
6683	5
6684	5
6685	4
6686	4
6687	5
6688	5
6689	5
6690	5
6691	5
6692	5
6693	5
6694	5
6695	5
6696	5
6697	4
6698	5
6699	5
6700	5
6701	5
6702	4
6703	5
6704	3
6705	3
6706	5
6707	5
6708	5
6709	5
6710	4
6711	5
6712	5
6713	4
6714	5
6715	4
6716	5
6717	5
6718	4
6719	5
6720	5
6721	5
6722	5
6723	5
6724	5
6725	5
6726	5
6727	3
6728	5
6729	4
6730	5
6731	5
6732	5
6733	5
6734	5
6735	5
6736	5
6737	5
6738	5
6739	5
6740	4
6741	4
6742	4
6743	5
6744	5
6745	5
6746	4
6747	5
6748	5
6749	5
6750	4
6751	5
6752	4
6753	4
6754	5
6755	5
6756	5
6757	4
6758	5
6759	5
6760	5
6761	5
6762	5
6763	5
6764	4
6765	5
6766	5
6767	5
6768	5
6769	4
6770	4
6771	5
6772	4
6773	4
6774	5
6775	5
6776	5
6777	4
6778	5
6779	4
6780	5
6781	4
6782	4
6783	5
6784	5
6785	4
6786	4
6787	5
6788	5
6789	5
6790	5
6791	4
6792	5
6793	5
6794	5
6795	3
6796	5
6797	4
6798	4
6799	5
6800	4
6801	5
6802	5
6803	4
6804	5
6805	4
6806	4
6807	4
6808	4
6809	5
6810	4
6811	4
6812	5
6813	5
6814	5
6815	4
6816	5
6817	5
6818	5
6819	5
6820	5
6821	5
6822	4
6823	5
6824	5
6825	5
6826	5
6827	5
6828	5
6829	5
6830	5
6831	4
6832	4
6833	5
6834	5
6835	4
6836	5
6837	5
6838	5
6839	5
6840	5
6841	5
6842	5
6843	5
6844	5
6845	5
6846	5
6847	5
6848	4
6849	5
6850	5
6851	5
6852	4
6853	5
6854	5
6855	5
6856	5
6857	5
6858	5
6859	4
6860	5
6861	5
6862	5
6863	5
6864	5
6865	5
6866	5
6867	5
6868	4
6869	5
6870	5
6871	5
6872	5
6873	5
6874	5
6875	5
6876	5
6877	5
6878	4
6879	5
6880	5
6881	4
6882	5
6883	5
6884	4
6885	5
6886	3
6887	5
6888	5
6889	4
6890	5
6891	4
6892	5
6893	5
6894	5
6895	5
6896	5
6897	5
6898	4
6899	5
6900	5
6901	5
6902	5
6903	5
6904	4
6905	5
6906	5
6907	5
6908	5
6909	4
6910	4
6911	5
6912	4
6913	4
6914	4
6915	5
6916	4
6917	5
6918	5
6919	5
6920	4
6921	5
6922	5
6923	5
6924	5
6925	4
6926	5
6927	5
6928	5
6929	5
6930	5
6931	5
6932	4
6933	5
6934	5
6935	5
6936	5
6937	5
6938	5
6939	5
6940	5
6941	4
6942	5
6943	4
6944	5
6945	5
6946	5
6947	5
6948	4
6949	5
6950	5
6951	5
6952	5
6953	5
6954	5
6955	5
6956	5
6957	4
6958	4
6959	5
6960	4
6961	5
6962	5
6963	5
6964	4
6965	4
6966	5
6967	5
6968	5
6969	5
6970	5
6971	5
6972	4
6973	4
6974	5
6975	5
6976	5
6977	5
6978	5
6979	4
6980	5
6981	5
6982	5
6983	5
6984	5
6985	5
6986	5
6987	4
6988	5
6989	4
6990	5
6991	4
6992	5
6993	4
6994	5
6995	5
6996	5
6997	4
6998	5
6999	5
7000	4
7001	5
7002	5
7003	5
7004	5
7005	5
7006	5
7007	5
7008	5
7009	5
7010	4
7011	2
7012	4
7013	5
7014	5
7015	5
7016	5
7017	5
7018	5
7019	4
7020	5
7021	4
7022	4
7023	5
7024	5
7025	5
7026	5
7027	4
7028	5
7029	5
7030	5
7031	5
7032	4
7033	4
7034	5
7035	3
7036	5
7037	4
7038	5
7039	4
7040	5
7041	5
7042	4
7043	5
7044	4
7045	5
7046	5
7047	5
7048	5
7049	4
7050	5
7051	4
7052	5
7053	5
7054	5
7055	5
7056	5
7057	5
7058	5
7059	5
7060	5
7061	4
7062	5
7063	5
7064	5
7065	4
7066	5
7067	4
7068	5
7069	3
7070	3
7071	4
7072	5
7073	5
7074	4
7075	4
7076	5
7077	5
7078	5
7079	1
7080	5
7081	4
7082	4
7083	5
7084	4
7085	4
7086	5
7087	3
7088	5
7089	5
7090	5
7091	5
7092	4
7093	5
7094	5
7095	5
7096	5
7097	5
7098	5
7099	5
7100	5
7101	5
7102	4
7103	5
7104	5
7105	4
7106	5
7107	4
7108	5
7109	5
7110	5
7111	5
7112	5
7113	5
7114	5
7115	4
7116	5
7117	5
7118	5
7119	5
7120	4
7121	4
7122	3
7123	4
7124	5
7125	5
7126	5
7127	5
7128	5
7129	5
7130	5
7131	5
7132	4
7133	5
7134	5
7135	5
7136	5
7137	5
7138	5
7139	4
7140	5
7141	5
7142	5
7143	5
7144	5
7145	5
7146	5
7147	5
7148	4
7149	5
7150	5
7151	4
7152	5
7153	5
7154	4
7155	5
7156	4
7157	5
7158	5
7159	4
7160	5
7161	5
7162	4
7163	5
7164	5
7165	5
7166	5
7167	5
7168	5
7169	5
7170	4
7171	5
7172	5
7173	5
7174	5
7175	5
7176	5
7177	5
7178	5
7179	5
7180	5
7181	3
7182	5
7183	4
7184	4
7185	5
7186	5
7187	5
7188	5
7189	5
7190	2
7191	5
7192	5
7193	4
7194	5
7195	4
7196	4
7197	5
7198	4
7199	5
7200	5
7201	5
7202	5
7203	5
7204	4
7205	5
7206	5
7207	4
7208	4
7209	4
7210	5
7211	5
7212	5
7213	4
7214	5
7215	5
7216	5
7217	5
7218	5
7219	5
7220	4
7221	5
7222	4
7223	4
7224	5
7225	4
7226	5
7227	5
7228	5
7229	5
7230	5
7231	4
7232	5
7233	5
7234	5
7235	5
7236	4
7237	5
7238	5
7239	5
7240	3
7241	5
7242	4
7243	4
7244	4
7245	5
7246	4
7247	5
7248	5
7249	4
7250	4
7251	5
7252	4
7253	5
7254	4
7255	5
7256	5
7257	5
7258	5
7259	5
7260	5
7261	5
7262	5
7263	5
7264	5
7265	5
7266	5
7267	5
7268	5
7269	4
7270	5
7271	4
7272	5
7273	4
7274	5
7275	5
7276	4
7277	5
7278	4
7279	5
7280	4
7281	5
7282	5
7283	5
7284	5
7285	4
7286	5
7287	5
7288	5
7289	5
7290	5
7291	5
7292	5
7293	4
7294	3
7295	5
7296	5
7297	5
7298	5
7299	5
7300	5
7301	4
7302	5
7303	4
7304	5
7305	5
7306	5
7307	5
7308	2
7309	5
7310	5
7311	5
7312	5
7313	3
7314	5
7315	4
7316	4
7317	5
7318	5
7319	4
7320	5
7321	5
7322	5
7323	5
7324	5
7325	4
7326	5
7327	5
7328	4
7329	5
7330	4
7331	5
7332	5
7333	5
7334	5
7335	5
7336	5
7337	4
7338	5
7339	5
7340	5
7341	5
7342	5
7343	5
7344	5
7345	5
7346	5
7347	5
7348	5
7349	5
7350	5
7351	4
7352	5
7353	5
7354	4
7355	5
7356	4
7357	5
7358	5
7359	4
7360	5
7361	5
7362	5
7363	5
7364	5
7365	5
7366	5
7367	5
7368	5
7369	5
7370	5
7371	4
7372	4
7373	5
7374	5
7375	5
7376	5
7377	4
7378	5
7379	5
7380	5
7381	5
7382	5
7383	5
7384	4
7385	5
7386	5
7387	5
7388	5
7389	4
7390	5
7391	5
7392	4
7393	5
7394	5
7395	5
7396	4
7397	4
7398	5
7399	5
7400	5
7401	5
7402	5
7403	5
7404	5
7405	4
7406	5
7407	5
7408	5
7409	5
7410	5
7411	5
7412	5
7413	4
7414	5
7415	5
7416	4
7417	5
7418	5
7419	4
7420	5
7421	4
7422	4
7423	5
7424	4
7425	5
7426	5
7427	5
7428	5
7429	5
7430	4
7431	4
7432	4
7433	5
7434	5
7435	4
7436	4
7437	5
7438	5
7439	5
7440	5
7441	4
7442	5
7443	5
7444	4
7445	5
7446	5
7447	5
7448	5
7449	5
7450	4
7451	5
7452	5
7453	5
7454	4
7455	5
7456	5
7457	5
7458	5
7459	4
7460	5
7461	5
7462	5
7463	4
7464	5
7465	5
7466	5
7467	5
7468	5
7469	5
7470	5
7471	5
7472	4
7473	4
7474	4
7475	4
7476	5
7477	5
7478	5
7479	5
7480	5
7481	5
7482	5
7483	5
7484	5
7485	5
7486	5
7487	5
7488	4
7489	5
7490	5
7491	5
7492	4
7493	5
7494	5
7495	5
7496	5
7497	5
7498	5
7499	5
